-3.61750e+02,1.15879e+02,-1.88063e+01,3.00522e+01,-1.27064e+00,2.03666e+01,1.22476e+01,6.96035e+00,1.39260e+01,7.56800e+00,-2.05839e+00,-5.80806e+00,4.50309e+00,-1.68356e+00,-2.09649e+00,2.36735e+00,4.02243e+00,4.69097e+00,-9.56611e-02,-3.58978e+00,-7.13059e+00,-6.58252e+00,-6.53301e-01,1.86073e+00,7.15674e+00,1.96669e+00,-2.18484e+00,-2.10195e+00,-4.99680e+00,4.23908e+00,3.15424e+00,-1.99770e+00
-3.38176e+02,1.21738e+02,-1.67745e+01,3.28303e+01,-3.09888e+00,2.51426e+01,9.00288e+00,2.55862e+00,4.89046e+00,5.05637e+00,-1.86393e+00,-3.73569e+00,7.30155e+00,2.04428e-01,-3.00619e+00,1.59957e+00,2.67392e+00,2.29875e+00,2.62217e+00,1.21035e-01,-4.17947e+00,-9.70931e+00,5.33909e-01,4.87314e+00,7.03954e+00,1.61940e+00,-3.52864e+00,-1.02609e+00,-3.69840e+00,2.78199e+00,2.61850e+00,-1.59259e+00
-3.54951e+02,1.21993e+02,-8.76949e+00,3.08456e+01,-1.99358e+00,2.10357e+01,3.10406e+00,-2.96009e+00,1.00021e+00,6.78805e+00,7.77693e+00,3.84845e+00,7.78296e+00,-1.45673e+00,-3.45376e+00,4.70920e+00,4.94036e+00,-3.59251e-01,2.30317e+00,4.79539e+00,1.75651e+00,-4.29839e+00,3.74003e+00,6.85690e+00,4.37076e+00,-1.16538e+00,-3.09184e+00,-1.18792e+00,-4.23715e+00,5.39373e-01,6.87166e-01,2.60700e-02
-3.66510e+02,1.22193e+02,8.34065e-01,2.88753e+01,-3.38225e+00,1.71279e+01,3.80433e+00,4.59276e-01,-5.02446e-01,7.29172e+00,4.20612e+00,2.39485e+00,2.28260e+00,-5.48021e+00,-3.74575e+00,2.68872e+00,5.51180e+00,-3.40746e+00,-5.09539e-01,4.27874e+00,2.94201e+00,-2.72421e+00,3.42840e-01,4.43145e+00,5.85627e+00,-3.21524e-01,2.98247e-01,7.73062e-01,-2.83352e+00,-4.22370e-01,-3.89547e+00,2.46253e+00
-3.72935e+02,1.21502e+02,6.74461e+00,2.87634e+01,-4.62896e+00,1.55673e+01,6.37405e+00,1.04906e+01,2.25521e+00,3.52553e+00,2.92657e+00,3.03759e+00,3.84850e+00,-5.37115e+00,-5.35118e+00,4.52026e-01,-2.21562e-01,-4.99891e+00,1.91597e+00,3.98421e+00,3.39754e+00,-1.53919e+00,-9.46931e-01,3.61682e+00,6.65337e+00,-1.79440e+00,-1.78342e+00,-2.20416e+00,-1.69303e-01,5.84295e+00,-3.33519e+00,1.35616e+00
-3.71115e+02,1.26131e+02,1.03380e+01,3.13158e+01,-7.58145e+00,1.42746e+01,6.49457e+00,6.80187e+00,-3.26689e+00,-6.60483e-01,6.17181e+00,1.71275e+00,2.11388e+00,-6.41022e+00,-4.26118e+00,2.03796e+00,4.95661e-01,-3.01090e+00,1.61188e+00,1.57239e+00,1.32219e+00,-1.33762e-02,4.24542e+00,9.33606e+00,7.24408e+00,2.08584e+00,9.65121e-01,-3.20390e-01,1.87209e+00,6.42936e+00,-1.40623e+00,1.35907e+00
-3.37074e+02,1.38550e+02,1.49466e+01,5.74794e+01,-1.52146e+01,-2.55125e+00,2.47850e+00,-1.04609e+01,-2.11215e+01,-5.29847e+00,6.24833e+00,-7.97759e+00,9.86904e-01,-1.24664e+00,-1.90366e+01,-6.37315e+00,2.20811e+00,-1.23541e+01,-8.07198e+00,-1.44574e+00,1.12126e+00,7.82036e+00,1.58709e+01,2.07979e+01,1.87609e+01,1.10116e+01,8.15616e+00,-7.52130e-01,-6.87782e+00,-3.74973e+00,-6.83850e+00,-5.75306e+00
-2.85199e+02,1.33728e+02,1.69014e+00,8.47682e+01,-3.44244e+01,-1.66803e+01,-9.53234e-01,-1.26565e+01,-1.86071e+01,-7.26552e+00,7.25950e+00,-1.33004e+01,1.66658e+00,2.20648e+00,-2.16138e+01,-8.61287e+00,-2.56633e+00,-1.02689e+01,-8.34534e+00,-6.79877e-02,1.37324e+01,1.97190e+01,2.55833e+01,2.62645e+01,1.50184e+01,4.92090e+00,7.09881e+00,-2.77419e+00,-6.25004e+00,-6.92208e+00,-9.71579e+00,-6.63845e+00
-2.38305e+02,1.31202e+02,8.99585e-01,9.88205e+01,-3.06033e+01,-1.05528e+01,-8.06768e+00,-1.19644e+01,-2.28119e+01,-8.73074e+00,-1.48512e+00,-9.46818e+00,-4.69544e+00,4.04715e+00,-1.11573e+01,-7.56972e-01,-1.61114e+00,-8.93314e+00,-4.19428e+00,-2.08738e+00,1.20400e+01,1.49355e+01,1.97526e+01,1.56399e+01,2.09541e+00,-8.60065e+00,-1.36192e+00,-1.00329e+01,-9.96293e+00,-1.04333e+01,-3.67069e+00,-6.61932e+00
-1.77249e+02,1.30158e+02,-1.08357e+01,1.00408e+02,-2.11311e+01,-3.79485e+00,-2.52708e+01,-1.86575e+01,-2.61884e+01,-3.49076e+00,-1.89989e+01,4.56802e+00,-4.19568e+00,-1.62218e+00,-1.30683e+01,2.82816e+00,2.96535e+00,-1.30938e+01,8.93432e-01,-4.84543e+00,3.75471e-01,2.72820e+00,3.08067e+00,2.77349e+00,2.32036e-01,-9.79993e+00,3.46507e+00,-8.62824e+00,-4.70115e+00,-6.85906e+00,3.18816e+00,-9.87216e+00
-1.20533e+02,1.32845e+02,-4.36896e+01,9.10399e+01,-2.59460e+01,-5.96287e+00,-3.68620e+01,-1.97205e+01,-1.94169e+01,-3.87003e-01,-1.63039e+01,7.34068e+00,-4.57613e+00,3.06589e+00,-2.10300e+01,-1.34701e+00,-1.48794e+00,-1.77493e+01,5.94931e-01,-3.38304e+00,3.38738e+00,-3.44684e+00,-1.03948e+00,5.19464e-01,-1.86536e+00,-9.39065e+00,9.80887e-01,-8.85018e+00,3.81583e+00,-3.07406e+00,1.05192e+00,-7.92837e+00
-7.05451e+01,1.29357e+02,-7.07850e+01,7.76853e+01,-4.01012e+01,-5.45589e+00,-3.62897e+01,-2.03532e+01,1.51806e+00,4.56529e+00,-1.43176e+01,1.03254e+01,-1.57329e+01,8.62410e+00,-3.56649e+01,-8.61270e+00,-4.98489e+00,-9.29911e+00,-6.91316e+00,-7.88053e-01,-4.82803e-01,-8.46414e+00,-1.48845e+00,-1.25126e+00,8.20177e+00,-3.58166e+00,7.21297e+00,-3.89001e+00,1.20519e+01,-2.68015e+00,-2.07408e+00,-8.30077e+00
-3.05923e+01,1.27836e+02,-8.39272e+01,5.35660e+01,-5.62420e+01,3.39558e+00,-2.63205e+01,-1.77405e+01,1.35697e+01,1.12681e+01,-1.78837e+01,6.53624e+00,-2.91538e+01,1.63801e+01,-4.21816e+01,-5.24584e+00,-2.49726e+00,5.26566e-01,-9.93284e+00,-1.76948e-01,-7.48749e+00,-1.27784e+01,-1.27534e+00,-8.85508e+00,1.00586e+01,-8.23003e+00,7.52556e+00,-5.64053e+00,1.25760e+01,2.89488e+00,-1.11798e-01,-2.05288e+00
-2.00681e+01,1.30823e+02,-8.38189e+01,4.24510e+01,-5.57299e+01,1.56940e+01,-1.79333e+01,-1.74555e+01,1.28700e+01,1.48712e+01,-2.26101e+01,-2.65302e+00,-3.79455e+01,2.51957e+01,-4.01408e+01,-4.00441e+00,-1.12754e+00,6.05583e-01,-8.44585e+00,-2.98649e+00,-8.33566e+00,-1.13053e+01,6.89939e-02,-1.72725e+01,4.41957e+00,-9.46356e+00,4.17040e+00,-5.09977e+00,9.40954e+00,5.71358e+00,6.24414e-01,-3.07617e+00
-2.34361e+01,1.37323e+02,-8.54099e+01,3.64136e+01,-4.47405e+01,2.15834e+01,-1.11569e+01,-1.52389e+01,5.92786e+00,1.41750e+01,-2.27544e+01,-4.83669e+00,-3.84503e+01,3.01148e+01,-3.47828e+01,-3.08157e+00,-2.45739e+00,-3.55882e+00,-5.83925e+00,-3.58017e+00,-8.87558e+00,-5.29064e+00,2.66692e+00,-1.62626e+01,-1.60158e+00,-8.91858e+00,3.43212e-01,-5.10197e+00,8.37258e+00,-1.03585e-01,3.75535e+00,-5.67317e+00
-3.03722e+01,1.30634e+02,-7.64061e+01,2.01847e+01,-4.13569e+01,2.43643e+01,-2.12383e+01,-7.80965e-01,-6.66302e+00,1.99727e+01,-1.89068e+01,-6.67909e+00,-2.54157e+01,2.81040e+01,-2.94374e+01,-3.83592e+00,-4.76329e+00,-1.19071e+00,-7.24827e+00,2.25628e-01,-8.82011e+00,-2.06845e-01,2.16004e+00,-1.50383e+01,-3.94639e+00,-1.06723e+01,-1.77428e+00,-8.56112e+00,9.91015e+00,-1.72008e+00,3.36565e+00,-5.91097e+00
-5.74233e+01,1.10644e+02,-6.25905e+01,2.34133e+01,-3.33235e+01,3.20367e+01,-3.06170e+01,1.72942e+01,-9.05830e+00,2.26522e+01,-1.64953e+01,-5.77272e+00,-9.80242e+00,2.39830e+01,-2.64624e+01,-4.50455e+00,-1.32572e+00,-1.95457e+00,-7.44241e+00,-5.86329e-01,-8.32986e+00,4.78690e+00,-2.60746e-01,-1.15294e+01,-1.58763e+00,-1.41453e+01,-5.46869e+00,-8.10846e+00,9.04286e+00,-3.09295e+00,1.91181e+00,-2.23818e+00
-9.59146e+01,9.48111e+01,-5.79332e+01,3.50767e+01,-2.77949e+01,4.39152e+01,-2.73078e+01,2.43161e+01,-3.74636e+00,2.11487e+01,-1.54706e+01,-5.38086e+00,-6.16541e-01,1.60582e+01,-1.86833e+01,9.48967e-01,5.05390e+00,-1.51967e+00,-7.72788e+00,-7.44264e+00,-7.27482e+00,3.15364e+00,-3.35288e+00,-6.71794e+00,1.15389e+00,-1.12463e+01,-5.05238e+00,-1.78706e+00,1.14864e+01,1.57708e-02,5.20065e+00,-2.08174e+00
-1.48711e+02,9.27999e+01,-5.15862e+01,3.28089e+01,-2.19873e+01,4.54753e+01,-2.09248e+01,1.91697e+01,-1.35464e+00,1.55276e+01,-1.29912e+01,-6.24307e+00,-4.26931e+00,6.28460e+00,-1.62769e+01,1.02745e+00,2.70383e+00,1.96266e+00,2.62867e-01,1.57889e-01,-4.14976e+00,4.42704e+00,-3.07387e+00,-3.07953e+00,-1.82039e+00,-8.60260e+00,-3.68474e+00,-7.81748e-01,1.26278e+01,4.02342e+00,9.72081e+00,5.27013e-02
-2.48489e+02,9.91398e+01,-3.25594e+01,3.11451e+01,-1.36909e+01,3.48082e+01,-1.42377e+01,1.69622e+01,6.75964e+00,1.32171e+01,-7.26857e+00,-5.81056e+00,-9.76065e-01,4.36461e+00,-1.16082e+01,-5.14968e+00,3.30892e+00,-5.17972e-01,1.60782e+00,2.10485e+00,1.88824e+00,2.76879e+00,-2.59868e+00,1.15369e+00,1.31107e+00,-2.23392e+00,-7.87604e-01,-3.22160e+00,1.03346e+01,2.22336e+00,2.80677e+00,-3.00218e+00
-3.49012e+02,1.22624e+02,-1.07716e+01,3.16523e+01,-2.10961e+00,2.32851e+01,4.52565e+00,-2.40484e+00,1.26706e+00,5.48416e+00,5.18423e+00,1.91398e+00,8.46763e+00,-7.34287e-01,-3.67793e+00,3.32291e+00,3.39389e+00,1.54493e-01,2.91644e+00,4.07977e+00,-6.26249e-02,-6.12084e+00,3.28692e+00,7.08043e+00,4.81315e+00,-4.65585e-01,-3.67674e+00,-1.63377e+00,-3.95922e+00,1.33072e+00,2.23599e+00,-4.02870e-01
-3.64277e+02,1.21701e+02,-1.85694e+00,2.97288e+01,-2.73213e+00,1.73142e+01,2.56182e+00,-1.31352e+00,2.73804e-01,8.40632e+00,6.38485e+00,3.33079e+00,3.23286e+00,-4.58835e+00,-3.27113e+00,4.36973e+00,6.48238e+00,-2.87303e+00,-4.12269e-01,4.23288e+00,3.45999e+00,-2.01860e+00,1.81526e+00,4.98380e+00,4.71123e+00,-8.82565e-01,-1.05829e-02,9.29369e-01,-3.27748e+00,-8.07342e-01,-3.07042e+00,2.22261e+00
-3.71310e+02,1.21992e+02,5.61090e+00,2.81886e+01,-4.55372e+00,1.58661e+01,5.65261e+00,7.74294e+00,1.15348e+00,4.36918e+00,2.13525e+00,2.12330e+00,2.76600e+00,-5.79053e+00,-5.11258e+00,2.82423e-01,1.08920e+00,-4.76647e+00,7.40818e-01,4.11985e+00,3.11562e+00,-2.59196e+00,-1.32729e+00,3.29511e+00,6.79381e+00,-1.16500e+00,-1.09662e+00,-1.04163e+00,-6.61963e-01,3.66971e+00,-4.43375e+00,1.17184e+00
-3.74977e+02,1.21168e+02,7.50418e+00,2.92321e+01,-6.85699e+00,1.57225e+01,8.26535e+00,1.12526e+01,1.19344e+00,1.69045e+00,6.09950e+00,3.65076e+00,3.73050e+00,-5.84212e+00,-4.20272e+00,2.32334e+00,2.46858e-01,-3.05693e+00,3.81512e+00,3.53294e+00,2.48797e+00,-9.54078e-02,1.93150e+00,5.85482e+00,4.64827e+00,-2.01559e+00,-2.52015e+00,-3.12948e+00,9.02764e-01,7.64047e+00,-7.78009e-01,3.10713e+00
-3.50156e+02,1.37393e+02,1.59047e+01,4.76095e+01,-1.11431e+01,3.91884e+00,3.10543e+00,-6.47142e+00,-1.78902e+01,-5.03309e+00,6.28874e+00,-6.01848e+00,-1.68474e-01,-3.15961e+00,-1.29571e+01,-3.35087e+00,2.16386e+00,-8.90551e+00,-6.34949e+00,-1.77203e+00,-1.48244e-01,3.82187e+00,1.16545e+01,1.82547e+01,1.67877e+01,1.01371e+01,7.41773e+00,1.65278e+00,-3.65674e+00,-1.22856e+00,-4.81219e+00,-4.71937e+00
-2.98404e+02,1.36087e+02,6.12075e+00,7.98273e+01,-2.97184e+01,-1.53208e+01,3.85652e-01,-1.28381e+01,-1.98538e+01,-6.76385e+00,6.22696e+00,-1.19037e+01,2.96803e+00,1.77407e+00,-2.34878e+01,-9.38257e+00,-1.05986e+00,-1.15816e+01,-8.94059e+00,-9.18782e-01,1.01743e+01,1.76903e+01,2.38225e+01,2.52141e+01,1.67748e+01,7.03911e+00,8.41712e+00,-2.35073e+00,-7.13579e+00,-5.92611e+00,-9.50119e+00,-6.49932e+00
-2.52823e+02,1.32504e+02,-3.91635e-01,9.50656e+01,-3.42687e+01,-1.23728e+01,-4.17263e+00,-1.19332e+01,-2.01253e+01,-8.48629e+00,4.77965e+00,-1.24386e+01,-3.22029e+00,4.14509e+00,-1.37030e+01,-2.78376e+00,-2.59399e+00,-8.23880e+00,-5.60968e+00,-4.30946e-02,1.51254e+01,1.74060e+01,2.23196e+01,2.00484e+01,5.26482e+00,-5.65343e+00,-7.02177e-01,-8.71773e+00,-9.68637e+00,-1.16014e+01,-7.60386e+00,-6.46573e+00
-1.95485e+02,1.29374e+02,-3.58459e+00,1.02408e+02,-2.32203e+01,-6.37913e+00,-2.09451e+01,-1.62244e+01,-2.68091e+01,-5.05390e+00,-1.61020e+01,2.32878e+00,-4.13012e+00,-8.90253e-01,-1.17775e+01,1.42296e+00,2.08358e+00,-1.11380e+01,1.13930e-01,-4.78362e+00,2.80864e+00,6.56300e+00,8.10694e+00,4.62326e+00,-4.37798e-01,-1.07697e+01,2.36752e+00,-8.89474e+00,-6.76268e+00,-7.26070e+00,3.15656e+00,-8.66732e+00
-1.34167e+02,1.33203e+02,-3.44886e+01,9.32842e+01,-2.31258e+01,-4.28484e+00,-3.46827e+01,-2.05439e+01,-2.26340e+01,-6.03602e-01,-1.77493e+01,6.63519e+00,-3.93827e+00,1.34985e+00,-1.86412e+01,7.13044e-01,-5.46059e-02,-1.79737e+01,1.04678e+00,-4.12689e+00,1.95418e+00,-1.84851e+00,-7.63792e-01,6.21248e-01,-2.45809e+00,-1.05469e+01,1.65680e+00,-8.44603e+00,1.98142e+00,-4.20914e+00,2.05946e+00,-8.68823e+00
-8.48116e+01,1.30261e+02,-6.46274e+01,8.32453e+01,-3.53714e+01,-7.03060e+00,-3.85538e+01,-2.00412e+01,-3.32204e+00,3.65174e+00,-1.44024e+01,9.23604e+00,-1.20010e+01,7.10268e+00,-3.14178e+01,-7.55469e+00,-3.96997e+00,-1.23850e+01,-4.55476e+00,-1.21367e+00,2.17474e+00,-7.43778e+00,-1.90608e+00,-4.42495e-01,5.44523e+00,-3.95376e+00,4.94285e+00,-5.45584e+00,1.02201e+01,-2.84130e+00,-1.79199e+00,-8.75115e+00
-3.90384e+01,1.28283e+02,-8.14809e+01,5.99703e+01,-5.31562e+01,9.85999e-02,-2.92492e+01,-1.86126e+01,1.16381e+01,9.44109e+00,-1.63675e+01,8.37558e+00,-2.60484e+01,1.39160e+01,-4.11746e+01,-5.88635e+00,-3.61979e+00,-1.35620e+00,-9.98738e+00,-5.06196e-01,-6.85855e+00,-1.23309e+01,-1.31926e+00,-6.05106e+00,1.13195e+01,-6.87241e+00,8.30317e+00,-5.05368e+00,1.30163e+01,9.56317e-01,-4.02029e-01,-3.42280e+00
-2.02083e+01,1.29277e+02,-8.44917e+01,4.39476e+01,-5.75423e+01,1.26255e+01,-2.02746e+01,-1.71314e+01,1.39117e+01,1.45879e+01,-2.17909e+01,-3.98643e-01,-3.60509e+01,2.26677e+01,-4.15048e+01,-4.60995e+00,-8.88113e-01,1.43685e+00,-9.04242e+00,-1.51156e+00,-7.55031e+00,-1.16397e+01,-1.59312e-01,-1.52903e+01,5.88549e+00,-9.74633e+00,4.82235e+00,-5.94127e+00,1.02409e+01,5.64042e+00,-6.58281e-02,-2.25855e+00
-2.27632e+01,1.36112e+02,-8.48480e+01,3.92332e+01,-4.74148e+01,2.05784e+01,-1.20684e+01,-1.68682e+01,8.39905e+00,1.37103e+01,-2.30514e+01,-4.70645e+00,-3.95444e+01,2.98806e+01,-3.61460e+01,-2.74500e+00,-2.45370e+00,-3.02823e+00,-6.07084e+00,-4.24080e+00,-8.86070e+00,-7.31905e+00,2.29622e+00,-1.76563e+01,-1.58630e-01,-8.90664e+00,1.22533e+00,-4.43157e+00,7.84782e+00,1.95907e+00,3.14532e+00,-5.15276e+00
-2.64048e+01,1.34303e+02,-8.05353e+01,2.45578e+01,-4.22447e+01,2.32942e+01,-1.71666e+01,-6.22370e+00,-2.99658e+00,1.82016e+01,-2.03124e+01,-6.11893e+00,-3.02213e+01,2.85672e+01,-3.10054e+01,-3.87064e+00,-4.14390e+00,-1.58785e+00,-6.89336e+00,-3.81329e-01,-8.75281e+00,-1.66721e+00,2.65789e+00,-1.49895e+01,-3.46218e+00,-9.86189e+00,-9.19885e-01,-7.55034e+00,9.79764e+00,-1.83756e+00,3.68523e+00,-6.21332e+00
-4.86572e+01,1.16791e+02,-6.56420e+01,1.94199e+01,-3.55583e+01,2.94567e+01,-2.92581e+01,1.33832e+01,-1.01673e+01,2.21485e+01,-1.64455e+01,-6.15344e+00,-1.33909e+01,2.61214e+01,-2.72417e+01,-4.12193e+00,-3.10121e+00,-2.21503e+00,-7.41870e+00,2.54873e-01,-8.79448e+00,4.15251e+00,2.31191e-01,-1.33975e+01,-3.02072e+00,-1.38330e+01,-4.64612e+00,-9.00735e+00,9.37098e+00,-2.38446e+00,2.12782e+00,-2.89692e+00
-8.43030e+01,9.75689e+01,-5.89058e+01,3.36178e+01,-2.90772e+01,4.10826e+01,-2.85399e+01,2.42073e+01,-4.75144e+00,2.21478e+01,-1.64862e+01,-6.12876e+00,-2.31116e+00,1.84613e+01,-2.09838e+01,-1.02780e+00,4.34710e+00,-1.30636e+00,-8.09856e+00,-6.52379e+00,-7.74888e+00,3.11417e+00,-2.58056e+00,-7.16545e+00,1.87514e+00,-1.13648e+01,-4.92831e+00,-3.58243e+00,1.00499e+01,-2.23062e+00,2.97455e+00,-2.80496e+00
-1.30650e+02,9.29497e+01,-5.37371e+01,3.34925e+01,-2.38738e+01,4.67312e+01,-2.28011e+01,2.04161e+01,-2.36189e+00,1.67492e+01,-1.39966e+01,-5.81003e+00,-2.75791e+00,8.47815e+00,-1.64545e+01,2.36059e+00,3.31065e+00,8.59104e-01,-2.02067e+00,-2.62360e+00,-5.70134e+00,4.58713e+00,-2.96330e+00,-4.21821e+00,-1.20701e+00,-9.63946e+00,-4.25034e+00,-2.94467e-01,1.24377e+01,3.45425e+00,9.49890e+00,-4.07147e-01
-2.14429e+02,9.51949e+01,-3.98137e+01,3.14444e+01,-1.61125e+01,3.78649e+01,-1.74546e+01,1.77446e+01,4.55487e+00,1.46650e+01,-8.88078e+00,-5.91461e+00,-3.47368e+00,4.96212e+00,-1.35449e+01,-4.57976e+00,2.03268e+00,4.53967e-01,1.36711e+00,3.17639e+00,9.79915e-01,3.35475e+00,-2.92633e+00,4.76566e-01,-1.48458e-01,-4.02637e+00,-1.34672e+00,-3.03965e+00,1.16122e+01,2.81161e+00,4.47891e+00,-2.05452e+00
-3.35500e+02,1.19491e+02,-1.38062e+01,3.22790e+01,-4.04325e+00,2.64478e+01,2.15685e+00,2.23717e+00,3.35251e+00,5.10026e+00,7.20730e-01,-1.44136e+00,8.39596e+00,3.23231e-01,-3.94277e+00,1.08609e+00,4.15625e+00,-3.97710e-01,3.04210e+00,2.06446e+00,-1.09299e+00,-5.36616e+00,1.02456e+00,6.65153e+00,4.90180e+00,1.97760e-01,-3.31151e+00,-2.19823e+00,-1.86730e+00,2.03674e+00,2.73359e+00,-1.03221e+00
-3.61618e+02,1.21241e+02,-4.86010e+00,3.01920e+01,-2.32102e+00,1.80081e+01,1.89052e+00,-2.29640e+00,1.01143e+00,8.61927e+00,8.26783e+00,4.30057e+00,4.98635e+00,-3.27805e+00,-2.99345e+00,5.54986e+00,6.73212e+00,-1.93495e+00,3.61432e-01,4.48033e+00,3.51609e+00,-2.04871e+00,3.03032e+00,5.63972e+00,4.01915e+00,-1.52978e+00,-1.19150e+00,2.94995e-01,-3.69753e+00,-5.82306e-01,-2.09500e+00,1.20263e+00
-3.69650e+02,1.22306e+02,4.15075e+00,2.79834e+01,-4.35090e+00,1.64149e+01,5.10780e+00,4.68719e+00,-3.88878e-02,5.34659e+00,2.14018e+00,1.63591e+00,2.00136e+00,-5.99200e+00,-4.55234e+00,7.73413e-01,2.89504e+00,-4.30545e+00,-1.02907e-01,4.25190e+00,2.79020e+00,-3.15729e+00,-1.22434e+00,3.41358e+00,6.69637e+00,-6.38635e-01,-4.38769e-01,-1.03074e-01,-1.45352e+00,1.61680e+00,-4.84442e+00,1.54832e+00
-3.75128e+02,1.20527e+02,7.33296e+00,2.91313e+01,-5.64969e+00,1.57282e+01,7.79591e+00,1.23776e+01,2.46393e+00,2.34338e+00,4.88739e+00,4.08249e+00,4.68799e+00,-5.09502e+00,-4.67616e+00,1.70672e+00,-4.55695e-01,-4.21728e+00,3.64863e+00,3.83327e+00,3.02774e+00,-3.35606e-01,3.48366e-01,4.47723e+00,5.21757e+00,-2.75164e+00,-2.85107e+00,-3.50491e+00,4.60803e-01,7.94504e+00,-1.33538e+00,2.65807e+00
-3.60814e+02,1.34086e+02,1.47377e+01,3.91754e+01,-8.53917e+00,9.61845e+00,4.12602e+00,-1.24681e+00,-1.24509e+01,-4.25166e+00,5.99394e+00,-3.18623e+00,-1.62618e-01,-5.11890e+00,-7.48275e+00,-2.87114e-01,1.67633e+00,-5.06655e+00,-3.50963e+00,-1.58320e+00,-3.00650e-01,7.72966e-01,7.43121e+00,1.47472e+01,1.31646e+01,7.93477e+00,6.27427e+00,3.25811e+00,2.95372e-01,2.52159e+00,-2.86692e+00,-2.78263e+00
-3.13365e+02,1.37815e+02,1.03441e+01,7.25588e+01,-2.38886e+01,-1.17694e+01,1.58010e+00,-1.27289e+01,-2.12953e+01,-6.11774e+00,5.76063e+00,-1.01613e+01,3.11200e+00,9.00345e-01,-2.39506e+01,-9.29676e+00,5.74336e-01,-1.29888e+01,-9.10034e+00,-1.29997e+00,6.26562e+00,1.45522e+01,2.12393e+01,2.35859e+01,1.82166e+01,9.09914e+00,8.99313e+00,-2.16298e+00,-8.20600e+00,-5.42166e+00,-8.95026e+00,-6.21203e+00
-2.65496e+02,1.32765e+02,-8.63592e-01,9.11095e+01,-3.63364e+01,-1.46730e+01,-2.32114e+00,-1.23340e+01,-1.87090e+01,-7.95387e+00,7.59653e+00,-1.35982e+01,-1.21558e+00,3.59067e+00,-1.68342e+01,-5.01610e+00,-3.01207e+00,-8.31024e+00,-6.86441e+00,8.53389e-01,1.62071e+01,1.91576e+01,2.42099e+01,2.34332e+01,9.17878e+00,-1.61529e+00,2.06455e+00,-6.24824e+00,-7.98447e+00,-1.04577e+01,-9.37020e+00,-6.51949e+00
-2.12869e+02,1.29376e+02,6.96469e-01,1.02451e+02,-2.59288e+01,-8.57404e+00,-1.59676e+01,-1.37963e+01,-2.62647e+01,-6.76287e+00,-1.15150e+01,-2.01018e+00,-4.72933e+00,1.24140e+00,-1.05183e+01,5.03835e-01,5.05750e-01,-9.92852e+00,-1.41049e+00,-4.46858e+00,6.09067e+00,1.04922e+01,1.35170e+01,8.07173e+00,-8.87299e-01,-1.12073e+01,5.71118e-01,-9.27800e+00,-8.09875e+00,-7.88396e+00,1.60900e+00,-7.83474e+00
-1.49381e+02,1.32539e+02,-2.50623e+01,9.58359e+01,-2.14960e+01,-3.03642e+00,-3.15166e+01,-2.06906e+01,-2.42831e+01,-1.09393e+00,-1.91388e+01,5.76522e+00,-4.21223e+00,-2.12129e-01,-1.61631e+01,2.54552e+00,1.80767e+00,-1.68288e+01,1.01335e+00,-4.65076e+00,4.92709e-01,-4.55331e-01,-2.35480e-01,1.15193e+00,-1.58204e+00,-1.04285e+01,2.82448e+00,-8.14790e+00,-3.36791e-01,-5.56724e+00,2.49803e+00,-9.73010e+00
-9.89147e+01,1.31282e+02,-5.73059e+01,8.69832e+01,-3.14324e+01,-7.72708e+00,-3.92441e+01,-1.95917e+01,-9.49556e+00,2.19690e+00,-1.48625e+01,8.06840e+00,-8.55485e+00,5.65439e+00,-2.65797e+01,-4.99092e+00,-2.67922e+00,-1.49067e+01,-2.06128e+00,-1.80954e+00,3.80536e+00,-6.13218e+00,-1.84871e+00,2.93427e-01,2.24649e+00,-5.82897e+00,2.24348e+00,-7.56759e+00,7.59998e+00,-2.56811e+00,-1.07137e+00,-8.33686e+00
-4.98463e+01,1.28632e+02,-7.79624e+01,6.70599e+01,-4.85877e+01,-2.60725e+00,-3.22256e+01,-1.95574e+01,8.44668e+00,7.40770e+00,-1.52720e+01,9.56411e+00,-2.24896e+01,1.15784e+01,-3.95315e+01,-6.99465e+00,-4.64439e+00,-4.20391e+00,-9.50790e+00,-6.42675e-01,-4.92790e+00,-1.08210e+01,-1.07788e+00,-3.51606e+00,1.12395e+01,-5.35488e+00,8.46306e+00,-4.29954e+00,1.30703e+01,-8.00985e-01,-1.05800e+00,-5.45503e+00
-2.22836e+01,1.28257e+02,-8.50155e+01,4.65315e+01,-5.80736e+01,9.13775e+00,-2.24890e+01,-1.70189e+01,1.44025e+01,1.36106e+01,-2.05849e+01,2.28657e+00,-3.37425e+01,2.01281e+01,-4.23214e+01,-4.86287e+00,-1.13411e+00,1.70470e+00,-9.30583e+00,-2.75151e-01,-7.15939e+00,-1.19867e+01,-4.22620e-01,-1.29432e+01,7.35095e+00,-9.65993e+00,5.67216e+00,-6.33909e+00,1.10813e+01,4.93124e+00,-2.56477e-01,-1.73880e+00
-2.17438e+01,1.34116e+02,-8.39495e+01,4.08879e+01,-5.08287e+01,1.91496e+01,-1.40780e+01,-1.75987e+01,1.04115e+01,1.40549e+01,-2.31369e+01,-4.52772e+00,-3.97376e+01,2.85894e+01,-3.75867e+01,-2.85766e+00,-2.15364e+00,-1.62145e+00,-6.74314e+00,-4.21556e+00,-8.94681e+00,-9.38104e+00,1.39210e+00,-1.85238e+01,1.60979e+00,-9.02742e+00,2.54228e+00,-4.30451e+00,7.99234e+00,3.98091e+00,2.24118e+00,-4.48107e+00
-2.45670e+01,1.36675e+02,-8.37121e+01,2.95768e+01,-4.27112e+01,2.25530e+01,-1.34602e+01,-1.06861e+01,9.23830e-01,1.63495e+01,-2.15527e+01,-5.50092e+00,-3.44435e+01,2.92426e+01,-3.26526e+01,-3.66337e+00,-3.22984e+00,-2.50379e+00,-6.32402e+00,-1.57489e+00,-8.84128e+00,-2.96670e+00,2.73006e+00,-1.50939e+01,-2.92844e+00,-9.33784e+00,-3.52788e-01,-6.54014e+00,9.46372e+00,-1.73144e+00,3.91075e+00,-6.13996e+00
-4.06820e+01,1.22707e+02,-6.95384e+01,1.74371e+01,-3.81959e+01,2.71146e+01,-2.67882e+01,8.47398e+00,-9.95398e+00,2.17795e+01,-1.67898e+01,-6.63413e+00,-1.76501e+01,2.74362e+01,-2.78374e+01,-3.70162e+00,-4.29744e+00,-1.84929e+00,-7.39829e+00,3.62336e-01,-9.07267e+00,2.59999e+00,7.76651e-01,-1.46098e+01,-3.85282e+00,-1.27186e+01,-3.52117e+00,-9.35793e+00,9.64653e+00,-1.77668e+00,2.58178e+00,-4.23920e+00
-7.30690e+01,1.01971e+02,-5.96791e+01,3.04392e+01,-3.06823e+01,3.72237e+01,-3.00779e+01,2.23054e+01,-6.15620e+00,2.29570e+01,-1.66226e+01,-5.99926e+00,-4.86792e+00,2.04302e+01,-2.38372e+01,-3.31688e+00,2.22181e+00,-1.29255e+00,-7.81186e+00,-4.09791e+00,-7.84714e+00,3.99851e+00,-1.41825e+00,-8.23154e+00,1.19639e+00,-1.25379e+01,-5.38298e+00,-5.62293e+00,9.18926e+00,-3.22920e+00,2.06321e+00,-2.77119e+00
-1.15629e+02,9.32557e+01,-5.55134e+01,3.44843e+01,-2.54926e+01,4.66249e+01,-2.47662e+01,2.21314e+01,-2.90964e+00,1.84491e+01,-1.45637e+01,-5.17938e+00,-1.12256e+00,1.13728e+01,-1.68708e+01,2.49405e+00,4.05232e+00,-5.49292e-01,-4.80533e+00,-5.34710e+00,-6.37360e+00,4.40421e+00,-3.05971e+00,-5.25919e+00,-3.04565e-01,-1.06070e+01,-4.83605e+00,-4.16059e-01,1.23284e+01,2.52935e+00,8.26879e+00,-1.14086e+00
-1.84938e+02,9.37099e+01,-4.55998e+01,3.19705e+01,-1.85628e+01,4.10726e+01,-1.90921e+01,1.79704e+01,1.76119e+00,1.49013e+01,-1.05823e+01,-5.87547e+00,-4.49139e+00,5.13109e+00,-1.50656e+01,-2.48861e+00,2.05965e+00,1.66689e+00,1.36130e+00,2.72012e+00,-9.26978e-01,3.74761e+00,-3.05537e+00,-6.66596e-01,-1.20930e+00,-6.04234e+00,-2.28979e+00,-2.29950e+00,1.23786e+01,3.57410e+00,6.88567e+00,-9.37209e-01
-3.06378e+02,1.11214e+02,-1.93184e+01,3.16366e+01,-8.02583e+00,2.95325e+01,-5.03713e+00,1.02694e+01,6.71170e+00,7.54568e+00,-4.16194e+00,-4.21859e+00,5.76534e+00,2.24214e+00,-6.98151e+00,-1.80273e+00,5.39608e+00,-8.20689e-01,2.42939e+00,5.80852e-01,1.77630e-01,-9.32210e-01,-1.94869e+00,3.78957e+00,3.68836e+00,2.69049e-01,-1.73071e+00,-2.80109e+00,3.84921e+00,2.34691e+00,2.72251e+00,-2.45749e+00
-3.57802e+02,1.21492e+02,-7.54899e+00,3.04638e+01,-2.13130e+00,1.97097e+01,2.39125e+00,-2.80860e+00,1.08710e+00,7.62317e+00,8.55964e+00,4.44753e+00,6.97878e+00,-1.98549e+00,-3.19662e+00,5.37963e+00,5.89180e+00,-8.06840e-01,1.68992e+00,4.85045e+00,2.64934e+00,-3.25537e+00,3.65141e+00,6.47759e+00,4.16152e+00,-1.48893e+00,-2.53949e+00,-7.64608e-01,-4.16655e+00,4.56980e-02,-4.74118e-01,2.94552e-01
-3.67742e+02,1.22333e+02,2.20241e+00,2.84183e+01,-3.78113e+00,1.69495e+01,4.41125e+00,1.85415e+00,-5.99811e-01,6.55011e+00,3.18128e+00,1.94636e+00,1.97761e+00,-5.79653e+00,-4.00347e+00,1.84899e+00,4.67566e+00,-3.73439e+00,-4.67349e-01,4.30567e+00,2.75633e+00,-3.04687e+00,-4.01400e-01,4.02627e+00,6.32475e+00,-2.94089e-01,1.39479e-01,5.24561e-01,-2.39616e+00,1.14933e-01,-4.39140e+00,2.21008e+00
-3.73863e+02,1.21152e+02,7.19716e+00,2.90448e+01,-4.81631e+00,1.55406e+01,6.86327e+00,1.16204e+01,2.56154e+00,3.01772e+00,3.56119e+00,3.51964e+00,4.37334e+00,-5.14682e+00,-5.25276e+00,8.17641e-01,-5.97586e-01,-4.92540e+00,2.64527e+00,3.92373e+00,3.39116e+00,-9.41823e-01,-5.87926e-01,3.89148e+00,6.31967e+00,-2.20836e+00,-2.20992e+00,-2.83601e+00,5.20390e-02,6.92152e+00,-2.55516e+00,1.72207e+00
-3.67936e+02,1.29458e+02,1.22415e+01,3.34479e+01,-7.78867e+00,1.29461e+01,5.30085e+00,3.75288e+00,-6.55966e+00,-2.20143e+00,6.08478e+00,1.44244e-01,1.22982e+00,-6.21749e+00,-4.75406e+00,1.51658e+00,7.72665e-01,-3.38974e+00,-2.91064e-01,8.21653e-02,5.22070e-01,-6.45339e-02,5.28979e+00,1.14130e+01,9.34277e+00,4.66813e+00,3.34294e+00,1.56282e+00,2.06407e+00,5.40018e+00,-1.84349e+00,-1.26293e-01
-3.28658e+02,1.38573e+02,1.36093e+01,6.32883e+01,-1.81333e+01,-6.25351e+00,2.20466e+00,-1.18175e+01,-2.17915e+01,-5.53070e+00,6.03713e+00,-8.75877e+00,1.89740e+00,-3.49629e-01,-2.17204e+01,-7.82860e+00,1.83230e+00,-1.32756e+01,-8.63672e+00,-1.32377e+00,2.65106e+00,1.03628e+01,1.80026e+01,2.18761e+01,1.89995e+01,1.07083e+01,8.58034e+00,-1.61518e+00,-7.90832e+00,-4.61368e+00,-7.79655e+00,-5.98347e+00
-2.77925e+02,1.32857e+02,-1.04991e-02,8.70709e+01,-3.59904e+01,-1.64784e+01,-1.54158e+00,-1.25809e+01,-1.83564e+01,-7.51200e+00,7.72269e+00,-1.36680e+01,6.53080e-01,2.61773e+00,-2.00773e+01,-7.52203e+00,-3.05222e+00,-9.49394e+00,-7.90347e+00,4.54717e-01,1.51861e+01,2.00432e+01,2.56542e+01,2.58837e+01,1.33324e+01,3.01601e+00,5.72904e+00,-3.61335e+00,-6.35531e+00,-7.97296e+00,-9.62204e+00,-6.60723e+00
-2.29171e+02,1.30343e+02,1.41614e+00,1.00578e+02,-2.86256e+01,-9.79340e+00,-1.08811e+01,-1.23047e+01,-2.43324e+01,-8.26571e+00,-5.49760e+00,-6.96730e+00,-5.04083e+00,3.28940e+00,-1.04378e+01,-9.48581e-02,-9.05968e-01,-9.33903e+00,-3.20696e+00,-3.18457e+00,9.86844e+00,1.33920e+01,1.77462e+01,1.27787e+01,6.17272e-01,-9.91037e+00,-9.89873e-01,-1.00466e+01,-9.44546e+00,-9.32123e+00,-1.35156e+00,-7.02037e+00
-1.66671e+02,1.30984e+02,-1.58657e+01,9.87683e+01,-2.07882e+01,-2.90982e+00,-2.75900e+01,-1.96862e+01,-2.55589e+01,-2.53714e+00,-1.96509e+01,5.04031e+00,-4.35945e+00,-1.32110e+00,-1.39219e+01,3.24577e+00,2.94585e+00,-1.45227e+01,9.92966e-01,-4.90958e+00,-1.57565e-01,1.16689e+00,1.24614e+00,2.07313e+00,-9.90639e-02,-9.75041e+00,3.59835e+00,-8.37684e+00,-3.14588e+00,-6.57556e+00,2.85330e+00,-1.02079e+01
-1.12734e+02,1.32353e+02,-4.89288e+01,8.96473e+01,-2.79836e+01,-6.88049e+00,-3.79348e+01,-1.94127e+01,-1.63102e+01,2.37130e-01,-1.56173e+01,7.60994e+00,-5.63036e+00,4.02094e+00,-2.26801e+01,-2.54191e+00,-1.86455e+00,-1.69464e+01,-4.78854e-02,-2.81262e+00,3.90244e+00,-4.48507e+00,-1.27609e+00,5.83902e-01,-6.88287e-01,-8.20730e+00,1.00154e+00,-8.76324e+00,4.96645e+00,-2.74992e+00,1.68704e-01,-7.86213e+00
-6.25923e+01,1.28955e+02,-7.37339e+01,7.39703e+01,-4.31780e+01,-4.49614e+00,-3.48497e+01,-2.02528e+01,4.14726e+00,5.39618e+00,-1.45444e+01,1.03522e+01,-1.82015e+01,9.63029e+00,-3.73737e+01,-8.27753e+00,-5.14599e+00,-7.46818e+00,-8.14040e+00,-6.92896e-01,-2.14293e+00,-9.15855e+00,-1.19319e+00,-1.87931e+00,9.58880e+00,-4.03255e+00,7.97560e+00,-3.71431e+00,1.26804e+01,-2.14047e+00,-1.79915e+00,-7.47991e+00
-2.67842e+01,1.27837e+02,-8.46762e+01,5.05412e+01,-5.73137e+01,5.48646e+00,-2.48067e+01,-1.73384e+01,1.41617e+01,1.22264e+01,-1.89118e+01,5.09962e+00,-3.09110e+01,1.77661e+01,-4.24324e+01,-5.04340e+00,-1.88608e+00,1.20452e+00,-9.70143e+00,-3.01277e-03,-7.37556e+00,-1.25715e+01,-9.90117e-01,-1.04197e+01,9.05441e+00,-8.91768e+00,6.84770e+00,-6.00420e+00,1.20836e+01,3.79006e+00,-1.47186e-01,-1.73085e+00
-2.05542e+01,1.31945e+02,-8.36265e+01,4.18855e+01,-5.41387e+01,1.71826e+01,-1.65008e+01,-1.76118e+01,1.20654e+01,1.46791e+01,-2.29248e+01,-3.62930e+00,-3.88476e+01,2.65568e+01,-3.91948e+01,-3.51882e+00,-1.46329e+00,-8.99595e-02,-7.83311e+00,-3.61210e+00,-8.71426e+00,-1.08526e+01,4.16427e-01,-1.80829e+01,3.44528e+00,-9.27582e+00,3.70054e+00,-4.68658e+00,8.82601e+00,5.33322e+00,1.18396e+00,-3.63018e+00
-2.37905e+01,1.37505e+02,-8.52628e+01,3.41947e+01,-4.36783e+01,2.19797e+01,-1.13826e+01,-1.38923e+01,4.28261e+00,1.48024e+01,-2.24600e+01,-5.02067e+00,-3.73958e+01,2.98938e+01,-3.40388e+01,-3.31595e+00,-2.56332e+00,-3.36917e+00,-5.87994e+00,-2.92547e+00,-8.89112e+00,-4.32423e+00,2.69129e+00,-1.56315e+01,-2.22988e+00,-9.01028e+00,4.47654e-02,-5.61641e+00,8.82632e+00,-9.88602e-01,3.93404e+00,-5.89333e+00
-3.36962e+01,1.27984e+02,-7.38584e+01,1.84109e+01,-4.04528e+01,2.52056e+01,-2.34586e+01,2.64901e+00,-8.30144e+00,2.08319e+01,-1.80257e+01,-6.82321e+00,-2.25175e+01,2.79247e+01,-2.87088e+01,-3.74220e+00,-4.83223e+00,-1.29729e+00,-7.35234e+00,3.27088e-01,-8.95161e+00,7.64282e-01,1.66612e+00,-1.50310e+01,-4.07976e+00,-1.13427e+01,-2.37904e+00,-9.02033e+00,9.86386e+00,-1.65167e+00,3.10673e+00,-5.46364e+00
-6.28758e+01,1.07261e+02,-6.12312e+01,2.60955e+01,-3.22762e+01,3.37275e+01,-3.08206e+01,1.92817e+01,-8.02490e+00,2.29657e+01,-1.65178e+01,-5.74885e+00,-7.92685e+00,2.25907e+01,-2.57853e+01,-4.40950e+00,-8.70960e-02,-1.65224e+00,-7.51379e+00,-1.62634e+00,-8.10787e+00,4.68982e+00,-6.15598e-01,-1.02371e+01,-5.13128e-01,-1.38092e+01,-5.65046e+00,-7.35459e+00,8.95951e+00,-3.29968e+00,1.90485e+00,-2.30891e+00
-1.02843e+02,9.39249e+01,-5.71363e+01,3.51921e+01,-2.69829e+01,4.51985e+01,-2.64927e+01,2.37315e+01,-3.38520e+00,2.02580e+01,-1.50066e+01,-5.04792e+00,-3.41904e-01,1.44186e+01,-1.77951e+01,1.72816e+00,4.82815e+00,-1.44185e+00,-7.02208e+00,-7.13391e+00,-6.88986e+00,3.64454e+00,-3.34232e+00,-6.26406e+00,6.11521e-01,-1.11797e+01,-5.11341e+00,-1.08224e+00,1.20148e+01,1.15565e+00,6.47184e+00,-1.71035e+00
-1.60755e+02,9.30021e+01,-4.98691e+01,3.25176e+01,-2.08383e+01,4.41341e+01,-2.01459e+01,1.86529e+01,-4.36775e-01,1.51699e+01,-1.22054e+01,-6.19169e+00,-4.69221e+00,5.56484e+00,-1.60422e+01,-1.70676e-01,2.41396e+00,2.14665e+00,1.00006e+00,1.38391e+00,-2.96029e+00,4.21044e+00,-3.08055e+00,-2.26188e+00,-1.79077e+00,-7.84651e+00,-3.25148e+00,-1.35799e+00,1.26542e+01,4.00473e+00,9.09380e+00,-1.15053e-01
-2.69757e+02,1.02933e+02,-2.76245e+01,3.12297e+01,-1.20760e+01,3.28606e+01,-1.15289e+01,1.55552e+01,7.39684e+00,1.13933e+01,-6.45206e+00,-5.46489e+00,1.30953e+00,3.67506e+00,-1.01398e+01,-4.38926e+00,4.46073e+00,-7.72486e-01,1.95772e+00,1.11834e+00,1.65570e+00,1.95289e+00,-2.52642e+00,1.61932e+00,2.21761e+00,-1.19096e+00,-7.69273e-01,-3.08862e+00,8.82357e+00,2.19179e+00,2.50156e+00,-3.01046e+00
-3.52672e+02,1.22387e+02,-9.59565e+00,3.11711e+01,-1.95546e+00,2.19929e+01,3.74877e+00,-2.91686e+00,1.00858e+00,6.19857e+00,6.85147e+00,3.15748e+00,8.17444e+00,-1.13549e+00,-3.58946e+00,4.13235e+00,4.20260e+00,-1.14287e-01,2.62332e+00,4.59601e+00,1.01944e+00,-5.10913e+00,3.66823e+00,7.01415e+00,4.52287e+00,-8.79515e-01,-3.40168e+00,-1.38983e+00,-4.19524e+00,8.93479e-01,1.45299e+00,-1.48333e-01
-3.65588e+02,1.22019e+02,-2.47523e-01,2.92419e+01,-3.09990e+00,1.72010e+01,3.28731e+00,-3.86275e-01,-2.45627e-01,7.80712e+00,5.08194e+00,2.77129e+00,2.60968e+00,-5.16061e+00,-3.55320e+00,3.37940e+00,5.99240e+00,-3.19365e+00,-5.04237e-01,4.24710e+00,3.15677e+00,-2.41566e+00,9.52519e-01,4.68409e+00,5.39883e+00,-4.89627e-01,2.71749e-01,8.98965e-01,-3.05624e+00,-6.61654e-01,-3.53322e+00,2.48115e+00
-3.72247e+02,1.21726e+02,6.30893e+00,2.85132e+01,-4.57835e+00,1.56575e+01,6.04988e+00,9.42678e+00,1.85951e+00,3.88124e+00,2.53055e+00,2.64673e+00,3.39595e+00,-5.55679e+00,-5.30684e+00,3.03144e-01,2.40181e-01,-4.94242e+00,1.39592e+00,4.03821e+00,3.31264e+00,-2.00491e+00,-1.14243e+00,3.45063e+00,6.76179e+00,-1.51446e+00,-1.48754e+00,-1.70814e+00,-3.47706e-01,4.95080e+00,-3.85436e+00,1.20816e+00
-3.73142e+02,1.23631e+02,8.87968e+00,3.01700e+01,-7.34450e+00,1.50828e+01,7.48087e+00,9.00861e+00,-1.03523e+00,5.07276e-01,6.24256e+00,2.64968e+00,2.75814e+00,-6.32975e+00,-4.19992e+00,2.22788e+00,4.02410e-01,-2.88180e+00,2.82358e+00,2.62194e+00,1.92417e+00,2.13620e-02,3.31250e+00,7.74060e+00,5.84015e+00,7.58672e-02,-8.02829e-01,-1.73720e+00,1.43875e+00,7.01001e+00,-1.05191e+00,2.33314e+00
-3.42797e+02,1.38279e+02,1.55861e+01,5.32652e+01,-1.33615e+01,1.76461e-01,2.69850e+00,-9.02721e+00,-2.00863e+01,-5.18168e+00,6.32847e+00,-7.26452e+00,4.06675e-01,-2.00163e+00,-1.66081e+01,-5.16133e+00,2.27538e+00,-1.11312e+01,-7.48346e+00,-1.58753e+00,3.99961e-01,6.07022e+00,1.41888e+01,1.98692e+01,1.81693e+01,1.08457e+01,7.84765e+00,1.63956e-01,-5.72989e+00,-2.86919e+00,-6.02870e+00,-5.42359e+00
-2.90526e+02,1.34695e+02,3.46699e+00,8.29257e+01,-3.26779e+01,-1.63904e+01,-4.30392e-01,-1.27543e+01,-1.90519e+01,-7.08542e+00,6.80076e+00,-1.28026e+01,2.30256e+00,2.05897e+00,-2.25135e+01,-9.03129e+00,-1.99500e+00,-1.07681e+01,-8.62881e+00,-4.49992e-01,1.23282e+01,1.90328e+01,2.50011e+01,2.59751e+01,1.58392e+01,5.86680e+00,7.75061e+00,-2.52010e+00,-6.48643e+00,-6.40991e+00,-9.65541e+00,-6.61745e+00
-2.44632e+02,1.31851e+02,3.38953e-01,9.73159e+01,-3.22084e+01,-1.12410e+01,-6.23603e+00,-1.18836e+01,-2.16206e+01,-8.74908e+00,1.41040e+00,-1.09487e+01,-4.19033e+00,4.24571e+00,-1.20662e+01,-1.52109e+00,-2.07452e+00,-8.60269e+00,-4.81066e+00,-1.19453e+00,1.35045e+01,1.60216e+01,2.09558e+01,1.75819e+01,3.33815e+00,-7.46797e+00,-1.30982e+00,-9.66682e+00,-1.00377e+01,-1.11138e+01,-5.45965e+00,-6.48539e+00
-1.84932e+02,1.29727e+02,-7.50820e+00,1.01415e+02,-2.18195e+01,-4.81963e+00,-2.35376e+01,-1.77213e+01,-2.65402e+01,-4.13608e+00,-1.80210e+01,3.91765e+00,-4.09181e+00,-1.53609e+00,-1.25625e+01,2.26400e+00,2.71232e+00,-1.21723e+01,6.69299e-01,-4.78003e+00,1.21286e+00,4.21647e+00,4.95531e+00,3.41139e+00,7.84035e-02,-1.01215e+01,3.11239e+00,-8.77551e+00,-5.68473e+00,-7.01128e+00,3.33759e+00,-9.39193e+00
-1.26164e+02,1.33069e+02,-3.98711e+01,9.19843e+01,-2.45889e+01,-5.23238e+00,-3.60406e+01,-2.00943e+01,-2.10745e+01,-5.53320e-01,-1.68887e+01,7.09373e+00,-4.12157e+00,2.37160e+00,-2.00083e+01,-4.96180e-01,-1.01478e+00,-1.80131e+01,8.75109e-01,-3.71866e+00,2.85287e+00,-2.73016e+00,-9.24999e-01,5.02581e-01,-2.32966e+00,-1.00349e+01,1.17170e+00,-8.72386e+00,3.07697e+00,-3.48162e+00,1.55238e+00,-8.18797e+00
-7.64703e+01,1.29717e+02,-6.83749e+01,8.01506e+01,-3.80433e+01,-6.16532e+00,-3.73008e+01,-2.02613e+01,-4.07154e-01,4.14192e+00,-1.42871e+01,9.99279e+00,-1.40863e+01,7.95631e+00,-3.40724e+01,-8.42510e+00,-4.63448e+00,-1.05982e+01,-5.94799e+00,-9.37932e-01,6.75921e-01,-8.02693e+00,-1.70006e+00,-8.69576e-01,7.10220e+00,-3.51757e+00,6.39474e+00,-4.37441e+00,1.13702e+01,-2.88411e+00,-2.08312e+00,-8.63132e+00
-3.38442e+01,1.27978e+02,-8.30634e+01,5.60956e+01,-5.51316e+01,1.95528e+00,-2.75043e+01,-1.80942e+01,1.29061e+01,1.05224e+01,-1.71915e+01,7.40986e+00,-2.78689e+01,1.53509e+01,-4.18466e+01,-5.45777e+00,-2.96160e+00,-1.37472e-01,-1.00159e+01,-3.28368e-01,-7.38236e+00,-1.27306e+01,-1.36756e+00,-7.67972e+00,1.06933e+01,-7.67790e+00,7.91700e+00,-5.39381e+00,1.28102e+01,2.11630e+00,-1.81002e-01,-2.50063e+00
-1.99366e+01,1.30116e+02,-8.40705e+01,4.29747e+01,-5.66452e+01,1.44734e+01,-1.89388e+01,-1.73140e+01,1.33665e+01,1.48550e+01,-2.23025e+01,-1.77583e+00,-3.71927e+01,2.41552e+01,-4.07680e+01,-4.31035e+00,-9.73651e-01,1.00861e+00,-8.77366e+00,-2.40774e+00,-8.00045e+00,-1.14859e+01,-6.32562e-02,-1.65095e+01,5.05928e+00,-9.60142e+00,4.44721e+00,-5.45942e+00,9.78564e+00,5.78749e+00,2.82441e-01,-2.70279e+00
-2.31804e+01,1.36941e+02,-8.52706e+01,3.77555e+01,-4.57378e+01,2.12154e+01,-1.13613e+01,-1.60287e+01,7.01848e+00,1.38739e+01,-2.29048e+01,-4.75736e+00,-3.90089e+01,3.01352e+01,-3.53429e+01,-2.91360e+00,-2.45621e+00,-3.47219e+00,-5.88947e+00,-3.93922e+00,-8.85516e+00,-6.09689e+00,2.57967e+00,-1.68357e+01,-1.04778e+00,-8.89383e+00,6.46804e-01,-4.77070e+00,8.09134e+00,7.10146e-01,3.54220e+00,-5.47536e+00
-2.84216e+01,1.32317e+02,-7.82059e+01,2.18659e+01,-4.18202e+01,2.38654e+01,-1.95452e+01,-3.15779e+00,-5.21874e+00,1.92616e+01,-1.95200e+01,-6.47331e+00,-2.74746e+01,2.82682e+01,-3.00579e+01,-3.87807e+00,-4.56352e+00,-1.27074e+00,-7.12755e+00,4.88688e-02,-8.76288e+00,-8.48899e-01,2.42767e+00,-1.50136e+01,-3.76903e+00,-1.02865e+01,-1.38419e+00,-8.15661e+00,9.89162e+00,-1.78046e+00,3.51870e+00,-6.10074e+00
-5.36524e+01,1.13202e+02,-6.37584e+01,2.15878e+01,-3.41876e+01,3.09204e+01,-3.01933e+01,1.57455e+01,-9.65984e+00,2.24036e+01,-1.64751e+01,-5.88905e+00,-1.12346e+01,2.49553e+01,-2.68300e+01,-4.40168e+00,-2.13479e+00,-2.12686e+00,-7.42465e+00,-9.42234e-02,-8.52028e+00,4.65351e+00,-3.34736e-02,-1.23813e+01,-2.26691e+00,-1.41426e+01,-5.18734e+00,-8.54407e+00,9.17226e+00,-2.83285e+00,1.96586e+00,-2.39166e+00
-9.10081e+01,9.57644e+01,-5.84016e+01,3.46768e+01,-2.83241e+01,4.28470e+01,-2.78154e+01,2.44725e+01,-4.11147e+00,2.16262e+01,-1.59277e+01,-5.74357e+00,-1.17596e+00,1.71319e+01,-1.95270e+01,2.21541e-01,4.96700e+00,-1.43616e+00,-7.98662e+00,-7.27970e+00,-7.52510e+00,2.97814e+00,-3.15527e+00,-6.93114e+00,1.53812e+00,-1.12320e+01,-4.95721e+00,-2.45795e+00,1.09165e+01,-9.56204e-01,4.20221e+00,-2.41577e+00
-1.40742e+02,9.28126e+01,-5.25752e+01,3.30604e+01,-2.28014e+01,4.61681e+01,-2.16633e+01,1.96216e+01,-1.86453e+00,1.59528e+01,-1.34680e+01,-6.12351e+00,-3.71451e+00,7.07977e+00,-1.63528e+01,1.72568e+00,2.94197e+00,1.59094e+00,-5.68714e-01,-9.48948e-01,-4.90875e+00,4.52689e+00,-3.02328e+00,-3.58783e+00,-1.63835e+00,-9.05682e+00,-3.92554e+00,-4.86959e-01,1.25603e+01,3.85931e+00,9.80579e+00,-5.55750e-02
-2.33730e+02,9.70546e+01,-3.57818e+01,3.12129e+01,-1.46938e+01,3.60983e+01,-1.57991e+01,1.74619e+01,6.00876e+00,1.40811e+01,-7.89698e+00,-5.93311e+00,-2.25864e+00,4.70085e+00,-1.24959e+01,-5.18685e+00,2.56908e+00,-1.95508e-01,1.43004e+00,2.75665e+00,1.69282e+00,3.11926e+00,-2.74168e+00,9.10706e-01,6.59212e-01,-2.92983e+00,-9.73649e-01,-3.22222e+00,1.09451e+01,2.40265e+00,3.34589e+00,-2.69012e+00
-3.45054e+02,1.22014e+02,-1.17375e+01,3.19944e+01,-2.59471e+00,2.44351e+01,4.38116e+00,-1.20670e+00,1.77792e+00,5.10660e+00,3.62165e+00,7.05540e-01,8.52945e+00,-4.22904e-01,-3.66667e+00,2.62538e+00,3.28208e+00,1.38134e-01,3.03309e+00,3.44600e+00,-8.18263e-01,-6.38694e+00,2.63439e+00,7.09098e+00,5.02277e+00,-1.96324e-01,-3.65361e+00,-1.87846e+00,-3.46423e+00,1.57658e+00,2.57003e+00,-5.72641e-01
-3.63258e+02,1.21462e+02,-3.09590e+00,2.99988e+01,-2.51114e+00,1.74961e+01,2.14533e+00,-1.81329e+00,6.52826e-01,8.65898e+00,7.29021e+00,3.75861e+00,3.86105e+00,-4.08038e+00,-3.10162e+00,4.99684e+00,6.69661e+00,-2.54914e+00,-2.03191e-01,4.28568e+00,3.58487e+00,-1.88140e+00,2.38979e+00,5.21970e+00,4.30395e+00,-1.20030e+00,-4.13546e-01,7.77532e-01,-3.42993e+00,-7.81029e-01,-2.71767e+00,1.85191e+00
-3.70631e+02,1.22149e+02,5.04471e+00,2.80290e+01,-4.51215e+00,1.60737e+01,5.41049e+00,6.45850e+00,6.14392e-01,4.74965e+00,2.01574e+00,1.82968e+00,2.37233e+00,-5.91515e+00,-4.89960e+00,4.08027e-01,1.81406e+00,-4.59200e+00,3.34982e-01,4.17925e+00,2.96107e+00,-2.91199e+00,-1.36519e+00,3.27438e+00,6.77139e+00,-9.33034e-01,-8.19920e-01,-6.08552e-01,-9.55665e-01,2.76515e+00,-4.71045e+00,1.26690e+00
-3.75384e+02,1.20498e+02,7.22304e+00,2.90480e+01,-6.38298e+00,1.58135e+01,8.23813e+00,1.20495e+01,2.00669e+00,2.08920e+00,5.70565e+00,4.04743e+00,4.32419e+00,-5.41425e+00,-4.30451e+00,2.18322e+00,-1.99211e-02,-3.50039e+00,3.93108e+00,3.74360e+00,2.71295e+00,-2.19003e-01,1.12095e+00,5.03462e+00,4.60344e+00,-2.65645e+00,-2.93958e+00,-3.50796e+00,6.92447e-01,7.92509e+00,-8.72300e-01,3.10922e+00
-3.55000e+02,1.36265e+02,1.56651e+01,4.38087e+01,-9.82482e+00,6.51192e+00,3.50436e+00,-4.33053e+00,-1.58038e+01,-4.84276e+00,6.15426e+00,-4.94515e+00,-3.55152e-01,-4.03042e+00,-1.04139e+01,-1.98995e+00,2.01638e+00,-7.15168e+00,-5.26271e+00,-1.82023e+00,-3.24082e-01,2.35338e+00,9.74488e+00,1.68402e+01,1.54162e+01,9.34482e+00,7.06374e+00,2.62782e+00,-1.93752e+00,2.66013e-01,-3.93682e+00,-4.03225e+00
-3.04519e+02,1.36936e+02,7.98453e+00,7.70737e+01,-2.73350e+01,-1.40897e+01,9.55295e-01,-1.28363e+01,-2.04855e+01,-6.49262e+00,5.93127e+00,-1.11670e+01,3.20650e+00,1.45832e+00,-2.39368e+01,-9.48577e+00,-3.62847e-01,-1.22165e+01,-9.07820e+00,-1.15040e+00,8.54776e+00,1.65124e+01,2.28216e+01,2.45564e+01,1.74108e+01,7.90444e+00,8.77256e+00,-2.27435e+00,-7.67036e+00,-5.69872e+00,-9.32983e+00,-6.38163e+00
-2.58300e+02,1.32729e+02,-7.20386e-01,9.34004e+01,-3.54202e+01,-1.33174e+01,-3.15490e+00,-1.20920e+01,-1.93590e+01,-8.24814e+00,6.42680e+00,-1.31078e+01,-2.38503e+00,3.97890e+00,-1.49741e+01,-3.68384e+00,-2.80476e+00,-8.10836e+00,-6.15489e+00,5.38197e-01,1.58634e+01,1.82378e+01,2.31365e+01,2.15897e+01,6.81637e+00,-4.11676e+00,2.01484e-01,-7.77402e+00,-9.09125e+00,-1.14365e+01,-8.65489e+00,-6.48820e+00
-2.02930e+02,1.29256e+02,-1.32744e+00,1.02697e+02,-2.43545e+01,-7.42947e+00,-1.88961e+01,-1.51383e+01,-2.67669e+01,-5.77525e+00,-1.43702e+01,7.02112e-01,-4.32648e+00,-6.95223e-02,-1.11809e+01,9.44474e-01,1.43386e+00,-1.05380e+01,-4.81863e-01,-4.75158e+00,4.10413e+00,8.32815e+00,1.04842e+01,5.86780e+00,-8.24777e-01,-1.11484e+01,1.65511e+00,-8.96905e+00,-7.35049e+00,-7.46316e+00,2.69731e+00,-8.25450e+00
-1.40297e+02,1.33071e+02,-3.05316e+01,9.43044e+01,-2.23244e+01,-3.67945e+00,-3.34842e+01,-2.07367e+01,-2.34281e+01,-7.00108e-01,-1.83670e+01,6.27398e+00,-4.00741e+00,6.40218e-01,-1.76283e+01,1.54793e+00,7.40312e-01,-1.76645e+01,1.06170e+00,-4.36653e+00,1.30030e+00,-1.25728e+00,-6.06167e-01,7.90535e-01,-2.24342e+00,-1.06374e+01,2.13100e+00,-8.26117e+00,1.08291e+00,-4.79247e+00,2.29477e+00,-9.12372e+00
-9.07717e+01,1.30658e+02,-6.16313e+01,8.50564e+01,-3.35942e+01,-7.53035e+00,-3.91338e+01,-1.98649e+01,-5.68572e+00,3.19196e+00,-1.45660e+01,8.62929e+00,-1.05783e+01,6.50941e+00,-2.93440e+01,-6.55071e+00,-3.43908e+00,-1.35331e+01,-3.52463e+00,-1.40429e+00,3.01898e+00,-6.94152e+00,-2.00143e+00,-1.08419e-01,4.12974e+00,-4.56873e+00,3.72811e+00,-6.37827e+00,9.16583e+00,-2.67974e+00,-1.49453e+00,-8.60918e+00
-4.32976e+01,1.28488e+02,-8.01124e+01,6.29290e+01,-5.14201e+01,-1.12452e+00,-3.05353e+01,-1.89968e+01,1.04554e+01,8.61798e+00,-1.58740e+01,8.92310e+00,-2.46498e+01,1.29032e+01,-4.05475e+01,-6.29981e+00,-4.08328e+00,-2.45754e+00,-9.85743e+00,-5.88973e-01,-6.18570e+00,-1.17996e+01,-1.20326e+00,-4.92308e+00,1.14956e+01,-6.25982e+00,8.45827e+00,-4.76751e+00,1.31009e+01,1.54842e-01,-6.36090e-01,-4.24693e+00
-2.08101e+01,1.28776e+02,-8.47783e+01,4.48738e+01,-5.79207e+01,1.11998e+01,-2.12076e+01,-1.70396e+01,1.41947e+01,1.42444e+01,-2.13427e+01,6.89012e-01,-3.51434e+01,2.15861e+01,-4.19251e+01,-4.74654e+00,-9.29723e-01,1.62956e+00,-9.15860e+00,-9.04271e-01,-7.30867e+00,-1.17552e+01,-2.35574e-01,-1.43339e+01,6.47734e+00,-9.77785e+00,5.13635e+00,-6.19693e+00,1.05697e+01,5.40019e+00,-2.03932e-01,-1.99357e+00
-2.23824e+01,1.35339e+02,-8.44551e+01,4.00480e+01,-4.87994e+01,2.00303e+01,-1.28224e+01,-1.72828e+01,9.29733e+00,1.37753e+01,-2.31140e+01,-4.67338e+00,-3.97492e+01,2.94624e+01,-3.67369e+01,-2.71787e+00,-2.38844e+00,-2.50784e+00,-6.29375e+00,-4.30994e+00,-8.90006e+00,-8.21911e+00,1.96793e+00,-1.81489e+01,5.57928e-01,-8.94206e+00,1.75197e+00,-4.30522e+00,7.81414e+00,2.85977e+00,2.79518e+00,-4.88950e+00
-2.54175e+01,1.35471e+02,-8.20290e+01,2.66513e+01,-4.24472e+01,2.29507e+01,-1.55024e+01,-8.23892e+00,-1.32742e+00,1.74114e+01,-2.08533e+01,-5.85189e+00,-3.20962e+01,2.88331e+01,-3.17131e+01,-3.81007e+00,-3.77343e+00,-1.93490e+00,-6.67489e+00,-8.26589e-01,-8.78302e+00,-2.22360e+00,2.72960e+00,-1.50016e+01,-3.23180e+00,-9.61387e+00,-6.45673e-01,-7.11170e+00,9.68523e+00,-1.83723e+00,3.78632e+00,-6.21346e+00
-4.52079e+01,1.19342e+02,-6.71894e+01,1.82621e+01,-3.66508e+01,2.84410e+01,-2.83447e+01,1.14662e+01,-1.02506e+01,2.20172e+01,-1.64913e+01,-6.37117e+00,-1.50934e+01,2.67884e+01,-2.74927e+01,-3.90073e+00,-3.67459e+00,-2.13260e+00,-7.40915e+00,3.45476e-01,-8.95444e+00,3.58698e+00,4.25350e-01,-1.39958e+01,-3.43494e+00,-1.34319e+01,-4.18640e+00,-9.23034e+00,9.49701e+00,-2.07627e+00,2.29876e+00,-3.42213e+00
-7.95111e+01,9.92460e+01,-5.92020e+01,3.24725e+01,-2.97242e+01,3.95277e+01,-2.91817e+01,2.36145e+01,-5.27799e+00,2.25352e+01,-1.66436e+01,-6.16588e+00,-3.30425e+00,1.93069e+01,-2.22067e+01,-2.05152e+00,3.55473e+00,-1.26128e+00,-8.02765e+00,-5.62139e+00,-7.80434e+00,3.44471e+00,-2.06535e+00,-7.47251e+00,1.78635e+00,-1.17392e+01,-5.06939e+00,-4.45204e+00,9.57613e+00,-2.83726e+00,2.41667e+00,-2.89889e+00
-1.24000e+02,9.30735e+01,-5.45035e+01,3.38790e+01,-2.45879e+01,4.68548e+01,-2.36345e+01,2.11088e+01,-2.61881e+00,1.74251e+01,-1.42865e+01,-5.53420e+00,-2.02876e+00,9.64490e+00,-1.65799e+01,2.55379e+00,3.60417e+00,2.57304e-01,-3.18755e+00,-3.82672e+00,-6.06666e+00,4.56212e+00,-2.97296e+00,-4.65820e+00,-8.35283e-01,-1.00564e+01,-4.50028e+00,-2.86823e-01,1.23713e+01,3.08958e+00,9.06104e+00,-7.20888e-01
-2.01414e+02,9.44020e+01,-4.24257e+01,3.16440e+01,-1.71556e+01,3.91899e+01,-1.82906e+01,1.78162e+01,3.34925e+00,1.48092e+01,-9.60475e+00,-5.85352e+00,-4.02240e+00,5.04693e+00,-1.42289e+01,-3.79310e+00,1.96323e+00,1.00804e+00,1.37101e+00,3.12183e+00,2.28131e-01,3.49657e+00,-3.00238e+00,6.76573e-02,-6.55335e-01,-4.88287e+00,-1.70652e+00,-2.76559e+00,1.20123e+01,3.15254e+00,5.44878e+00,-1.56914e+00
-3.24946e+02,1.16414e+02,-1.58399e+01,3.21199e+01,-5.52831e+00,2.78481e+01,-6.79102e-01,5.61559e+00,4.91529e+00,5.79638e+00,-1.61691e+00,-2.87523e+00,7.72781e+00,1.18507e+00,-4.91937e+00,-1.90953e-01,4.95560e+00,-7.30247e-01,2.84457e+00,1.14592e+00,-6.59224e-01,-3.67693e+00,-4.12045e-01,5.63175e+00,4.54154e+00,3.64712e-01,-2.70785e+00,-2.51796e+00,2.68216e-01,2.27969e+00,2.78710e+00,-1.66954e+00
-3.60190e+02,1.21232e+02,-6.07980e+00,3.02671e+01,-2.24502e+00,1.85993e+01,1.96785e+00,-2.54302e+00,1.11407e+00,8.31442e+00,8.64056e+00,4.53239e+00,5.87727e+00,-2.68789e+00,-3.01951e+00,5.65839e+00,6.52703e+00,-1.43112e+00,9.16000e-01,4.67155e+00,3.27078e+00,-2.43247e+00,3.36262e+00,5.99338e+00,4.01056e+00,-1.61272e+00,-1.80091e+00,-1.67094e-01,-3.92310e+00,-3.59662e-01,-1.50530e+00,7.49814e-01
-3.68888e+02,1.22358e+02,3.39936e+00,2.80926e+01,-4.14787e+00,1.66634e+01,4.86186e+00,3.45086e+00,-3.78707e-01,5.82946e+00,2.45199e+00,1.67309e+00,1.89480e+00,-5.96316e+00,-4.30236e+00,1.16299e+00,3.67599e+00,-4.07436e+00,-3.14943e-01,4.28927e+00,2.72709e+00,-3.18755e+00,-9.63513e-01,3.63095e+00,6.59331e+00,-4.55918e-01,-1.71491e-01,1.95317e-01,-1.85400e+00,9.02142e-01,-4.74881e+00,1.82398e+00
-3.74674e+02,1.20777e+02,7.38441e+00,2.91671e+01,-5.21021e+00,1.56289e+01,7.39799e+00,1.22497e+01,2.58648e+00,2.56692e+00,4.28934e+00,3.89882e+00,4.67131e+00,-5.04537e+00,-4.96803e+00,1.31190e+00,-6.36014e-01,-4.61346e+00,3.28896e+00,3.87385e+00,3.22969e+00,-5.05757e-01,-9.14973e-02,4.21331e+00,5.74477e+00,-2.57953e+00,-2.61393e+00,-3.30614e+00,2.84739e-01,7.67096e+00,-1.80668e+00,2.23971e+00
-3.64196e+02,1.32268e+02,1.37925e+01,3.64079e+01,-8.06261e+00,1.12795e+01,4.55285e+00,8.89976e-01,-9.93547e+00,-3.50620e+00,6.01902e+00,-1.74762e+00,3.33310e-01,-5.70177e+00,-5.99158e+00,6.31624e-01,1.28475e+00,-4.10963e+00,-2.19210e+00,-1.08352e+00,-7.00557e-02,1.57231e-01,6.30613e+00,1.33194e+01,1.15036e+01,6.71442e+00,5.28636e+00,2.92130e+00,1.41586e+00,3.94914e+00,-2.31540e+00,-1.68693e+00
-3.19838e+02,1.38251e+02,1.18469e+01,6.88523e+01,-2.13990e+01,-9.65500e+00,1.89419e+00,-1.25114e+01,-2.17036e+01,-5.85605e+00,5.81567e+00,-9.52285e+00,2.72319e+00,4.17951e-01,-2.33879e+01,-8.86249e+00,1.17757e+00,-1.33334e+01,-8.98170e+00,-1.31340e+00,4.65849e+00,1.28847e+01,1.99494e+01,2.28718e+01,1.86793e+01,9.88499e+00,8.91441e+00,-2.02995e+00,-8.29912e+00,-5.16238e+00,-8.54461e+00,-6.10764e+00
-2.70666e+02,1.32701e+02,-7.35643e-01,8.94216e+01,-3.65029e+01,-1.55815e+01,-1.96713e+00,-1.24628e+01,-1.84486e+01,-7.76185e+00,7.85621e+00,-1.37249e+01,-4.11022e-01,3.19086e+00,-1.82358e+01,-6.07679e+00,-3.12687e+00,-8.73298e+00,-7.34355e+00,7.90655e-01,1.60001e+01,1.96675e+01,2.49431e+01,2.46213e+01,1.09904e+01,3.94465e-01,3.67872e+00,-5.05754e+00,-7.15399e+00,-9.40632e+00,-9.52717e+00,-6.55091e+00
-2.19789e+02,1.29685e+02,1.33883e+00,1.01853e+02,-2.70135e+01,-9.14585e+00,-1.38329e+01,-1.30306e+01,-2.55888e+01,-7.43808e+00,-9.14419e+00,-4.11666e+00,-4.97527e+00,2.15923e+00,-1.02992e+01,2.73309e-01,-1.24222e-01,-9.65693e+00,-2.14210e+00,-4.02775e+00,7.65898e+00,1.17907e+01,1.54154e+01,9.94338e+00,-4.69553e-01,-1.08514e+01,-1.86463e-01,-9.64055e+00,-8.66904e+00,-8.36081e+00,5.37561e-01,-7.52266e+00
-1.56408e+02,1.31941e+02,-2.11541e+01,9.70369e+01,-2.10638e+01,-2.78425e+00,-2.99165e+01,-2.04034e+01,-2.48329e+01,-1.60480e+00,-1.95348e+01,5.43357e+00,-4.33735e+00,-7.37776e-01,-1.51383e+01,3.03295e+00,2.43028e+00,-1.59526e+01,9.98081e-01,-4.80501e+00,5.18152e-02,1.38269e-01,1.98752e-01,1.49147e+00,-9.34119e-01,-1.01184e+01,3.26448e+00,-8.18528e+00,-1.48338e+00,-6.05898e+00,2.61771e+00,-1.00611e+01
-1.04754e+02,1.31742e+02,-5.39619e+01,8.81295e+01,-2.99895e+01,-7.51253e+00,-3.88412e+01,-1.94272e+01,-1.24575e+01,1.29607e+00,-1.51470e+01,7.84595e+00,-7.15432e+00,5.01528e+00,-2.47679e+01,-3.89548e+00,-2.25518e+00,-1.58207e+01,-1.09367e+00,-2.18941e+00,4.05450e+00,-5.46010e+00,-1.61254e+00,4.88549e-01,9.26769e-01,-6.84396e+00,1.50283e+00,-8.22950e+00,6.43548e+00,-2.60181e+00,-6.57949e-01,-8.10669e+00
-5.50177e+01,1.28718e+02,-7.62899e+01,7.00194e+01,-4.63515e+01,-3.47753e+00,-3.33702e+01,-1.99151e+01,6.72485e+00,6.51929e+00,-1.49150e+01,9.97640e+00,-2.07471e+01,1.07121e+01,-3.87042e+01,-7.55818e+00,-4.94568e+00,-5.56836e+00,-9.06808e+00,-6.66746e-01,-3.81537e+00,-1.00730e+01,-1.05310e+00,-2.70808e+00,1.07163e+01,-4.73841e+00,8.35760e+00,-3.98165e+00,1.29784e+01,-1.41115e+00,-1.37231e+00,-6.34507e+00
-2.38540e+01,1.28015e+02,-8.50033e+01,4.80326e+01,-5.79130e+01,7.61257e+00,-2.34295e+01,-1.70925e+01,1.44074e+01,1.30736e+01,-1.99238e+01,3.48533e+00,-3.26061e+01,1.91237e+01,-4.24549e+01,-4.92660e+00,-1.39131e+00,1.59620e+00,-9.45099e+00,-3.98255e-02,-7.19970e+00,-1.22220e+01,-6.36952e-01,-1.19047e+01,8.04069e+00,-9.43055e+00,6.13829e+00,-6.27549e+00,1.14948e+01,4.50196e+00,-2.30737e-01,-1.66698e+00
-2.12329e+01,1.33188e+02,-8.37094e+01,4.13462e+01,-5.22796e+01,1.84056e+01,-1.50738e+01,-1.76688e+01,1.11427e+01,1.43276e+01,-2.30938e+01,-4.27056e+00,-3.94919e+01,2.77976e+01,-3.82419e+01,-3.08367e+00,-1.88456e+00,-9.48840e-01,-7.16977e+00,-4.03072e+00,-8.91634e+00,-1.01001e+01,9.49561e-01,-1.85075e+01,2.38886e+00,-9.11657e+00,3.08067e+00,-4.41093e+00,8.28008e+00,4.64985e+00,1.80294e+00,-4.14750e+00
-2.41881e+01,1.37217e+02,-8.45815e+01,3.16141e+01,-4.29964e+01,2.23093e+01,-1.23196e+01,-1.21837e+01,2.42888e+00,1.56431e+01,-2.19951e+01,-5.27617e+00,-3.58757e+01,2.95392e+01,-3.32687e+01,-3.52617e+00,-2.87758e+00,-2.91275e+00,-6.08341e+00,-2.15243e+00,-8.87178e+00,-3.50570e+00,2.70589e+00,-1.52435e+01,-2.68544e+00,-9.17729e+00,-1.82946e-01,-6.14746e+00,9.24185e+00,-1.52670e+00,3.96912e+00,-6.05076e+00
-3.76020e+01,1.25011e+02,-7.13271e+01,1.74822e+01,-3.92369e+01,2.62455e+01,-2.54789e+01,6.09556e+00,-9.44031e+00,2.14780e+01,-1.72180e+01,-6.76790e+00,-1.96396e+01,2.77117e+01,-2.81447e+01,-3.67284e+00,-4.61695e+00,-1.59375e+00,-7.39237e+00,3.51289e-01,-9.06457e+00,1.81948e+00,1.11956e+00,-1.48779e+01,-4.02822e+00,-1.21366e+01,-3.03584e+00,-9.30041e+00,9.74902e+00,-1.66976e+00,2.80633e+00,-4.80585e+00
-6.87140e+01,1.04104e+02,-6.02397e+01,2.85945e+01,-3.14223e+01,3.55717e+01,-3.06044e+01,2.10394e+01,-6.99914e+00,2.29612e+01,-1.66654e+01,-5.99240e+00,-6.20648e+00,2.12050e+01,-2.49339e+01,-4.07051e+00,1.12670e+00,-1.53716e+00,-7.79758e+00,-3.14990e+00,-8.10326e+00,4.20047e+00,-1.17774e+00,-9.13265e+00,4.10713e-01,-1.32992e+01,-5.73578e+00,-6.51683e+00,8.89836e+00,-3.43052e+00,1.83034e+00,-2.66207e+00
-1.15723e+02,9.28919e+01,-5.68434e+01,3.36372e+01,-2.60257e+01,4.61128e+01,-2.54855e+01,2.32770e+01,-2.20501e+00,1.94379e+01,-1.36462e+01,-6.02500e+00,2.04010e-01,1.33551e+01,-1.68566e+01,1.88448e+00,4.31978e+00,-3.16607e+00,-6.74497e+00,-8.51557e+00,-8.10008e+00,3.40007e+00,-3.82245e+00,-7.50886e+00,-7.84016e-01,-1.29944e+01,-6.37126e+00,3.07538e-01,1.19776e+01,2.18473e+00,7.91531e+00,-2.69936e-01
